setup: 0.006906
render: 4.61339
finalize: 0.166284

