setup: 0.007032
render: 39.1591
finalize: 0.164057
